-0.00214712
0.00297856
0.000478774
-1.71443e-05
0.00169989
0.00211844
0.00128463
0.00229229
0.000452823
0.00098348
-0.000545966
0.0012583
0.00209138
-0.000914812
0.00140786
0.000211251
-0.00186789
-0.00120096
0.00180595
-0.000661732
0.000211938
0.000691119
-0.000928036
0.000612685
0.00223243
-0.000694434
0.00389423
0.000206061
-0.00171391
0.001326
0.000406421
0.00125097
-0.00110603
0.00251709
-0.00234624
-0.000480766
0.00212227
-0.000325317
-0.000909183
0.00278201
-0.00184086
-0.00207089
-0.000111156
-0.00111412
-0.00123326
-0.0015175
-0.00197575
0.00228346
0.000186037
-0.000832867
0.00480411
0.00214335
-0.00236083
-9.47342e-05
0.0026308
-0.00169298
-0.00339522
-0.00325166
-0.00104948
-0.00232285
-0.00163861
-0.000800321
0.00116652
-0.00243004
-0.000960159
-0.00138135
-0.00147984
0.000789372
-0.00378326
-0.00427883
1.13927e-11
6.71488e-12
-3.81694e-12
1.50987e-12
8.12714e-12
1.28324e-09
1.77208e-09
2.63929e-10
2.72793e-09
3.40053e-09
-2.34878e-07
2.71939e-08
-6.73347e-07
